freq	dB(S(2,1))
5.00000000000000000E8	-3.32629090524952442E0
5.04999999999999982E8	-3.32298598920065302E0
5.09999999999999964E8	-3.31967560945831153E0
5.15000000000000036E8	-3.31636031561176914E0
5.20000000000000018E8	-3.31304065179523821E0
5.25000000000000000E8	-3.30971715768905916E0
5.29999999999999982E8	-3.30639036944956821E0
5.34999999999999964E8	-3.30306082057123973E0
5.40000000000000036E8	-3.29972904268417100E0
5.45000000000000018E8	-3.29639556629013608E0
5.50000000000000000E8	-3.29306092144011009E0
5.54999999999999982E8	-3.28972563835612730E0
5.59999999999999964E8	-3.28639024800007462E0
5.65000000000000036E8	-3.28305528259201118E0
5.70000000000000018E8	-3.27972127608044994E0
5.75000000000000000E8	-3.27638876456680839E0
5.79999999999999982E8	-3.27305828668628607E0
5.84999999999999964E8	-3.26973038394719673E0
5.90000000000000036E8	-3.26640560103064903E0
5.95000000000000018E8	-3.26308448605254098E0
6.00000000000000000E8	-3.25976759078950806E0
6.04999999999999982E8	-3.25645547087056242E0
6.09999999999999964E8	-3.25314868593595907E0
6.15000000000000036E8	-3.24984779976479654E0
6.20000000000000018E8	-3.24655338037276042E0
6.25000000000000000E8	-3.24326600008138888E0
6.29999999999999982E8	-3.23998623556009591E0
6.34999999999999964E8	-3.23671466784218786E0
6.40000000000000036E8	-3.23345188231604075E0
6.45000000000000018E8	-3.23019846869254312E0
6.50000000000000000E8	-3.22695502094983233E0
6.54999999999999982E8	-3.22372213725635293E0
6.59999999999999964E8	-3.22050041987319702E0
6.65000000000000036E8	-3.21729047503666532E0
6.70000000000000018E8	-3.21409291282189180E0
6.75000000000000000E8	-3.21090834698842453E0
6.79999999999999982E8	-3.20773739480855680E0
6.84999999999999964E8	-3.20458067687921799E0
6.90000000000000036E8	-3.20143881691822463E0
6.95000000000000018E8	-3.19831244154552241E0
7.00000000000000000E8	-3.19520218005024015E0
7.04999999999999982E8	-3.19210866414428640E0
7.09999999999999964E8	-3.18903252770300405E0
7.15000000000000036E8	-3.18597440649377273E0
7.20000000000000018E8	-3.18293493789301429E0
7.25000000000000000E8	-3.17991476059239897E0
7.29999999999999982E8	-3.17691451429474814E0
7.34999999999999964E8	-3.17393483940036347E0
7.40000000000000036E8	-3.17097637668434729E0
7.45000000000000018E8	-3.16803976696549539E0
7.50000000000000000E8	-3.16512565076739483E0
7.54999999999999982E8	-3.16223466797231945E0
7.59999999999999964E8	-3.15936745746847647E0
7.65000000000000036E8	-3.15652465679121041E0
7.70000000000000018E8	-3.15370690175876423E0
7.75000000000000000E8	-3.15091482610309948E0
7.79999999999999982E8	-3.14814906109646975E0
7.84999999999999964E8	-3.14541023517414198E0
7.90000000000000036E8	-3.14269897355405448E0
7.95000000000000018E8	-3.14001589785376467E0
8.00000000000000000E8	-3.13736162570539490E0
8.05000000000000071E8	-3.13473677036909226E0
8.09999999999999964E8	-3.13214194034552396E0
8.15000000000000036E8	-3.12957773898808345E0
8.19999999999999929E8	-3.12704476411519394E0
8.25000000000000000E8	-3.12454360762344274E0
8.30000000000000071E8	-3.12207485510198968E0
8.34999999999999964E8	-3.11963908544879720E0
8.40000000000000036E8	-3.11723687048934384E0
8.44999999999999929E8	-3.11486877459822109E0
8.50000000000000000E8	-3.11253535432424355E0
8.55000000000000071E8	-3.11023715801962197E0
8.59999999999999964E8	-3.10797472547365139E0
8.65000000000000036E8	-3.10574858755153826E0
8.69999999999999929E8	-3.10355926583886443E0
8.75000000000000000E8	-3.10140727229212398E0
8.80000000000000071E8	-3.09929310889601251E0
8.84999999999999964E8	-3.09721726732776714E0
8.90000000000000036E8	-3.09518022862929021E0
8.94999999999999929E8	-3.09318246288727794E0
9.00000000000000000E8	-3.09122442892214355E0
9.05000000000000071E8	-3.08930657398588071E0
9.09999999999999964E8	-3.08742933346959170E0
9.15000000000000036E8	-3.08559313062101737E0
9.19999999999999929E8	-3.08379837627247477E0
9.25000000000000000E8	-3.08204546857969408E0
9.30000000000000071E8	-3.08033479277200195E0
9.34999999999999964E8	-3.07866672091409166E0
9.40000000000000036E8	-3.07704161167998302E0
9.44999999999999929E8	-3.07545981013933378E0
9.50000000000000000E8	-3.07392164755663888E0
9.55000000000000071E8	-3.07242744120355615E0
9.59999999999999964E8	-3.07097749418463994E0
9.65000000000000036E8	-3.06957209527695518E0
9.69999999999999929E8	-3.06821151878363496E0
9.75000000000000000E8	-3.06689602440190345E0
9.80000000000000071E8	-3.06562585710556545E0
9.84999999999999964E8	-3.06440124704236982E0
9.90000000000000036E8	-3.06322240944637336E0
9.94999999999999929E8	-3.06208954456555027E0
1.00000000000000000E9	-3.06100283760472047E0
1.00500000000000012E9	-3.05996245868408945E0
1.01000000000000001E9	-3.05896856281336227E0
1.01500000000000012E9	-3.05802128988168676E0
1.02000000000000002E9	-3.05712076466336846E0
1.02499999999999991E9	-3.05626709683953202E0
1.03000000000000003E9	-3.05546038103570083E0
1.03499999999999992E9	-3.05470069687526502E0
1.04000000000000004E9	-3.05398810904898799E0
1.04499999999999993E9	-3.05332266740025782E0
1.05000000000000004E9	-3.05270440702628543E0
1.05500000000000016E9	-3.05213334839499195E0
1.06000000000000005E9	-3.05160949747751875E0
1.06499999999999995E9	-3.05113284589624811E0
1.06999999999999984E9	-3.05070337108816148E0
1.07499999999999996E9	-3.05032103648332820E0
1.08000000000000007E9	-3.04998579169835304E0
1.08499999999999996E9	-3.04969757274451458E0
1.09000000000000008E9	-3.04945630225033293E0
1.09499999999999997E9	-3.04926188969832301E0
1.10000000000000009E9	-3.04911423167560036E0
1.10499999999999998E9	-3.04901321213794230E0
1.10999999999999988E9	-3.04895870268706659E0
1.11499999999999999E9	-3.04895056286064392E0
1.11999999999999988E9	-3.04898864043466400E0
1.12500000000000000E9	-3.04907277173775126E0
1.13000000000000012E9	-3.04920278197689010E0
1.13500000000000001E9	-3.04937848557421010E0
1.14000000000000012E9	-3.04959968651414481E0
1.14500000000000002E9	-3.04986617870058296E0
1.14999999999999991E9	-3.05017774632342142E0
1.15500000000000003E9	-3.05053416423383528E0
1.15999999999999992E9	-3.05093519832779947E0
1.16500000000000004E9	-3.05138060593717064E0
1.16999999999999993E9	-3.05187013622758929E0
1.17500000000000004E9	-3.05240353060272307E0
1.18000000000000016E9	-3.05298052311394574E0
1.18500000000000005E9	-3.05360084087479766E0
1.18999999999999995E9	-3.05426420447952385E0
1.19499999999999984E9	-3.05497032842485527E0
1.19999999999999996E9	-3.05571892153420244E0
1.20500000000000007E9	-3.05650968738352180E0
1.20999999999999996E9	-3.05734232472789103E0
1.21500000000000008E9	-3.05821652792804199E0
1.21999999999999997E9	-3.05913198737580272E0
1.22500000000000009E9	-3.06008838991763632E0
1.22999999999999998E9	-3.06108541927522992E0
1.23499999999999988E9	-3.06212275646222043E0
1.23999999999999999E9	-3.06320008019601131E0
1.24499999999999988E9	-3.06431706730355113E0
1.25000000000000000E9	-3.06547339312023226E0
1.25500000000000012E9	-3.06666873188053213E0
1.26000000000000001E9	-3.06790275709949078E0
1.26500000000000012E9	-3.06917514194369190E0
1.27000000000000002E9	-3.07048555959071745E0
1.27499999999999991E9	-3.07183368357569009E0
1.28000000000000003E9	-3.07321918812378803E0
1.28499999999999992E9	-3.07464174846733540E0
1.29000000000000004E9	-3.07610104114617533E0
1.29499999999999993E9	-3.07759674428999830E0
1.30000000000000004E9	-3.07912853788113861E0
1.30500000000000016E9	-3.08069610399650617E0
1.31000000000000005E9	-3.08229912702705811E0
1.31499999999999995E9	-3.08393729387336446E0
1.31999999999999984E9	-3.08561029411570331E0
1.32499999999999996E9	-3.08731782015702994E0
1.33000000000000007E9	-3.08905956733714637E0
1.33499999999999996E9	-3.09083523401652105E0
1.34000000000000008E9	-3.09264452162778491E0
1.34499999999999997E9	-3.09448713469327785E0
1.35000000000000009E9	-3.09636278080669225E0
1.35499999999999998E9	-3.09827117057698986E0
1.35999999999999988E9	-3.10021201753254427E0
1.36499999999999999E9	-3.10218503798352963E0
1.36999999999999988E9	-3.10418995084053062E0
1.37500000000000000E9	-3.10622647738712310E0
1.38000000000000012E9	-3.10829434100431090E0
1.38500000000000001E9	-3.11039326684456841E0
1.39000000000000012E9	-3.11252298145309503E0
1.39500000000000002E9	-3.11468321233387702E0
1.39999999999999991E9	-3.11687368745824545E0
1.40500000000000003E9	-3.11909413471318064E0
1.40999999999999992E9	-3.12134428128692232E0
1.41500000000000004E9	-3.12362385298914624E0
1.41999999999999993E9	-3.12593257350291864E0
1.42500000000000004E9	-3.12827016356570908E0
1.43000000000000016E9	-3.13063634007644165E0
1.43500000000000005E9	-3.13303081512567339E0
1.43999999999999995E9	-3.13545329494586600E0
1.44499999999999984E9	-3.13790347877848719E0
1.44999999999999996E9	-3.14038105765491560E0
1.45500000000000007E9	-3.14288571308769971E0
1.45999999999999996E9	-3.14541711566888971E0
1.46500000000000008E9	-3.14797492357196251E0
1.46999999999999997E9	-3.15055878095386088E0
1.47500000000000009E9	-3.15316831625349270E0
1.47999999999999998E9	-3.15580314038305954E0
1.48499999999999988E9	-3.15846284480851658E0
1.48999999999999999E9	-3.16114699951533007E0
1.49499999999999988E9	-3.16385515085563940E0
1.50000000000000000E9	-3.16658681927301799E0


freq	dB(S(3,1))
5.00000000000000000E8	-3.32357378721291274E0
5.04999999999999982E8	-3.32026260063775158E0
5.09999999999999964E8	-3.31694684465377199E0
5.15000000000000036E8	-3.31362704204322389E0
5.20000000000000018E8	-3.31030371100862553E0
5.25000000000000000E8	-3.30697736614663107E0
5.29999999999999982E8	-3.30364851935132009E0
5.34999999999999964E8	-3.30031768065049080E0
5.40000000000000036E8	-3.29698535897806444E0
5.45000000000000018E8	-3.29365206288574397E0
5.50000000000000000E8	-3.29031830119702562E0
5.54999999999999982E8	-3.28698458360615842E0
5.59999999999999964E8	-3.28365142122493037E0
5.65000000000000036E8	-3.28031932707965757E0
5.70000000000000018E8	-3.27698881656088181E0
5.75000000000000000E8	-3.27366040782798784E0
5.79999999999999982E8	-3.27033462217093840E0
5.84999999999999964E8	-3.26701198433116291E0
5.90000000000000036E8	-3.26369302278350393E0
5.95000000000000018E8	-3.26037826998109237E0
6.00000000000000000E8	-3.25706826256487858E0
6.04999999999999982E8	-3.25376354153942060E0
6.09999999999999964E8	-3.25046465241653637E0
6.15000000000000036E8	-3.24717214532828091E0
6.20000000000000018E8	-3.24388657511063316E0
6.25000000000000000E8	-3.24060850135924161E0
6.29999999999999982E8	-3.23733848845845440E0
6.34999999999999964E8	-3.23407710558486716E0
6.40000000000000036E8	-3.23082492668654009E0
6.45000000000000018E8	-3.22758253043888033E0
6.50000000000000000E8	-3.22435050017837854E0
6.54999999999999982E8	-3.22112942381501055E0
6.59999999999999964E8	-3.21791989372443199E0
6.65000000000000036E8	-3.21472250662069214E0
6.70000000000000018E8	-3.21153786341049408E0
6.75000000000000000E8	-3.20836656902973028E0
6.79999999999999982E8	-3.20520923226316334E0
6.84999999999999964E8	-3.20206646554799246E0
6.90000000000000036E8	-3.19893888476204413E0
6.95000000000000018E8	-3.19582710899740485E0
7.00000000000000000E8	-3.19273176032005734E0
7.04999999999999982E8	-3.18965346351638068E0
7.09999999999999964E8	-3.18659284582699032E0
7.15000000000000036E8	-3.18355053666878351E0
7.20000000000000018E8	-3.18052716734567653E0
7.25000000000000000E8	-3.17752337074866720E0
7.29999999999999982E8	-3.17453978104602141E0
7.34999999999999964E8	-3.17157703336390018E0
7.40000000000000036E8	-3.16863576345832110E0
7.45000000000000018E8	-3.16571660737886873E0
7.50000000000000000E8	-3.16282020112476214E0
7.54999999999999982E8	-3.15994718029393074E0
7.59999999999999964E8	-3.15709817972563656E0
7.65000000000000036E8	-3.15427383313718135E0
7.70000000000000018E8	-3.15147477275534493E0
7.75000000000000000E8	-3.14870162894305228E0
7.79999999999999982E8	-3.14595502982188613E0
7.84999999999999964E8	-3.14323560089098608E0
7.90000000000000036E8	-3.14054396464287056E0
7.95000000000000018E8	-3.13788074017679897E0
8.00000000000000000E8	-3.13524654281018478E0
8.05000000000000071E8	-3.13264198368866387E0
8.09999999999999964E8	-3.13006766939528358E0
8.15000000000000036E8	-3.12752420155948485E0
8.19999999999999929E8	-3.12501217646635743E0
8.25000000000000000E8	-3.12253218466672866E0
8.30000000000000071E8	-3.12008481058862408E0
8.34999999999999964E8	-3.11767063215072415E0
8.40000000000000036E8	-3.11529022037823644E0
8.44999999999999929E8	-3.11294413902181777E0
8.50000000000000000E8	-3.11063294418008063E0
8.55000000000000071E8	-3.10835718392616567E0
8.59999999999999964E8	-3.10611739793895625E0
8.65000000000000036E8	-3.10391411713945287E0
8.69999999999999929E8	-3.10174786333282615E0
8.75000000000000000E8	-3.09961914885662049E0
8.80000000000000071E8	-3.09752847623573935E0
8.84999999999999964E8	-3.09547633784457243E0
8.90000000000000036E8	-3.09346321557682913E0
8.94999999999999929E8	-3.09148958052358935E0
9.00000000000000000E8	-3.08955589265999597E0
9.05000000000000071E8	-3.08766260054106345E0
9.09999999999999964E8	-3.08581014100714057E0
9.15000000000000036E8	-3.08399893889934784E0
9.19999999999999929E8	-3.08222940678551094E0
9.25000000000000000E8	-3.08050194469704053E0
9.30000000000000071E8	-3.07881693987705818E0
9.34999999999999964E8	-3.07717476654029642E0
9.40000000000000036E8	-3.07557578564503009E0
9.44999999999999929E8	-3.07402034467755136E0
9.50000000000000000E8	-3.07250877744939688E0
9.55000000000000071E8	-3.07104140390777758E0
9.59999999999999964E8	-3.06961852995947515E0
9.65000000000000036E8	-3.06824044730852608E0
9.69999999999999929E8	-3.06690743330795623E0
9.75000000000000000E8	-3.06561975082588933E0
9.80000000000000071E8	-3.06437764812624858E0
9.84999999999999964E8	-3.06318135876418474E0
9.90000000000000036E8	-3.06203110149668589E0
9.94999999999999929E8	-3.06092708020825777E0
1.00000000000000000E9	-3.05986948385208635E0
1.00500000000000012E9	-3.05885848640665481E0
1.01000000000000001E9	-3.05789424684809230E0
1.01500000000000012E9	-3.05697690913820708E0
1.02000000000000002E9	-3.05610660222840957E0
1.02499999999999991E9	-3.05528344007949881E0
1.03000000000000003E9	-3.05450752169738271E0
1.03499999999999992E9	-3.05377893118471411E0
1.04000000000000004E9	-3.05309773780852645E0
1.04499999999999993E9	-3.05246399608363905E0
1.05000000000000004E9	-3.05187774587197946E0
1.05500000000000016E9	-3.05133901249757233E0
1.06000000000000005E9	-3.05084780687722157E0
1.06499999999999995E9	-3.05040412566660546E0
1.06999999999999984E9	-3.05000795142178305E0
1.07499999999999996E9	-3.04965925277574801E0
1.08000000000000007E9	-3.04935798463000207E0
1.08499999999999996E9	-3.04910408836077007E0
1.09000000000000008E9	-3.04889749203967675E0
1.09499999999999997E9	-3.04873811066856915E0
1.10000000000000009E9	-3.04862584642815548E0
1.10499999999999998E9	-3.04856058894020743E0
1.10999999999999988E9	-3.04854221554284077E0
1.11499999999999999E9	-3.04857059157861787E0
1.11999999999999988E9	-3.04864557069495401E0
1.12500000000000000E9	-3.04876699515642846E0
1.13000000000000012E9	-3.04893469616864721E0
1.13500000000000001E9	-3.04914849421296275E0
1.14000000000000012E9	-3.04940819939173746E0
1.14500000000000002E9	-3.04971361178345779E0
1.14999999999999991E9	-3.05006452180735099E0
1.15500000000000003E9	-3.05046071059665191E0
1.15999999999999992E9	-3.05090195038015555E0
1.16500000000000004E9	-3.05138800487126538E0
1.16999999999999993E9	-3.05191862966398020E0
1.17500000000000004E9	-3.05249357263507637E0
1.18000000000000016E9	-3.05311257435181505E0
1.18500000000000005E9	-3.05377536848444020E0
1.18999999999999995E9	-3.05448168222269656E0
1.19499999999999984E9	-3.05523123669559471E0
1.19999999999999996E9	-3.05602374739367511E0
1.20500000000000007E9	-3.05685892459284592E0
1.20999999999999996E9	-3.05773647377900870E0
1.21500000000000008E9	-3.05865609607255662E0
1.21999999999999997E9	-3.05961748865191741E0
1.22500000000000009E9	-3.06062034517506421E0
1.22999999999999998E9	-3.06166435619820998E0
1.23499999999999988E9	-3.06274920959052110E0
1.23999999999999999E9	-3.06387459094398507E0
1.24499999999999988E9	-3.06504018397737843E0
1.25000000000000000E9	-3.06624567093309386E0
1.25500000000000012E9	-3.06749073296598729E0
1.26000000000000001E9	-3.06877505052287614E0
1.26500000000000012E9	-3.07009830371173287E0
1.27000000000000002E9	-3.07146017265921767E0
1.27499999999999991E9	-3.07286033785539292E0
1.28000000000000003E9	-3.07429848048442933E0
1.28499999999999992E9	-3.07577428273988307E0
1.29000000000000004E9	-3.07728742812328493E0
1.29499999999999993E9	-3.07883760172470122E0
1.30000000000000004E9	-3.08042449048383915E0
1.30500000000000016E9	-3.08204778343019781E0
1.31000000000000005E9	-3.08370717190092147E0
1.31499999999999995E9	-3.08540234973470628E0
1.31999999999999984E9	-3.08713301344021973E0
1.32499999999999996E9	-3.08889886233752708E0
1.33000000000000007E9	-3.09069959867070487E0
1.33499999999999996E9	-3.09253492769010130E0
1.34000000000000008E9	-3.09440455770237755E0
1.34499999999999997E9	-3.09630820008654251E0
1.35000000000000009E9	-3.09824556927428540E0
1.35499999999999998E9	-3.10021638269240274E0
1.35999999999999988E9	-3.10222036066566664E0
1.36499999999999999E9	-3.10425722627791556E0
1.36999999999999988E9	-3.10632670518939991E0
1.37500000000000000E9	-3.10842852540814008E0
1.38000000000000012E9	-3.11056241701324243E0
1.38500000000000001E9	-3.11272811182776454E0
1.39000000000000012E9	-3.11492534303892832E0
1.39500000000000002E9	-3.11715384476315283E0
1.39999999999999991E9	-3.11941335155360200E0
1.40500000000000003E9	-3.12170359784756890E0
1.40999999999999992E9	-3.12402431735119190E0
1.41500000000000004E9	-3.12637524235876985E0
1.41999999999999993E9	-3.12875610300391616E0
1.42500000000000004E9	-3.13116662643980881E0
1.43000000000000016E9	-3.13360653594552296E0
1.43500000000000005E9	-3.13607554995550863E0
1.43999999999999995E9	-3.13857338100924022E0
1.44499999999999984E9	-3.14109973461768766E0
1.44999999999999996E9	-3.14365430804366452E0
1.45500000000000007E9	-3.14623678899250425E0
1.45999999999999996E9	-3.14884685420988664E0
1.46500000000000008E9	-3.15148416798327879E0
1.46999999999999997E9	-3.15414838054341073E0
1.47500000000000009E9	-3.15683912636237185E0
1.47999999999999998E9	-3.15955602234438704E0
1.48499999999999988E9	-3.16229866590584763E0
1.48999999999999999E9	-3.16506663294050217E0
1.49499999999999988E9	-3.16785947566616954E0
1.50000000000000000E9	-3.17067672034887327E0


